image: ./120_changed.pgm
resolution: 0.050000
origin: [-36.200000, -31.400000, 0.000000]
negate: 0
occupied_thresh: 0.65
free_thresh: 0.196

